48.3550 25.6873 49.6994
55.1272 27.0608 59.4173
46.0512 23.8570 39.7315
47.6623 24.1171 44.3908
57.1494 26.7140 60.8657
55.5392 28.5019 56.2461
60.3895 24.3792 60.4483
53.1377 28.3223 47.9675
54.2182 24.5739 58.1380
55.3602 24.2860 51.7891
59.0494 27.4062 59.0606
56.1035 23.5802 56.7849
50.4793 24.1556 45.7553
56.1254 25.6479 57.4120
44.7227 22.8782 41.0035
55.9288 26.3090 54.9985
52.6600 26.7761 53.4958
58.1165 24.4761 56.7966
58.3050 27.9910 60.3456
46.8421 26.7538 40.3902
59.5103 23.9761 59.0814
51.6738 25.3323 45.8355
61.8077 24.1115 63.2244
54.2813 25.7310 52.3455
55.5159 26.2262 51.9235
55.3674 27.0971 63.6817
58.8701 28.7747 64.1393
51.2644 27.2466 54.6257
48.6755 27.5544 47.5965
59.6016 21.7709 63.6453
55.8751 25.3624 55.6072
48.5706 26.9230 46.1996
53.2535 26.2737 50.0015
72.1752 20.1503 75.3377
55.6008 25.0535 57.6447
62.7404 23.3694 70.0390
56.1540 24.8397 57.0632
65.8064 27.7257 73.6356
55.2304 26.8047 61.8987
54.2297 24.3016 55.2822
53.8133 24.3177 50.1806
63.2135 23.6289 59.2232
57.9376 24.4857 57.5994
56.6640 25.2378 53.6593
57.2771 26.5196 58.8719
56.3292 25.7319 53.4932
56.3891 25.4816 51.7744
55.1579 24.2201 54.9790
58.5925 25.4548 57.3639
56.8291 27.0432 55.7982
52.8934 24.2407 53.8426
57.8459 22.6925 63.1707
52.4093 23.5673 50.2623
49.3167 22.3386 47.1877
61.9568 27.8637 66.1874
53.3745 27.4322 55.6997
53.1841 24.4308 53.2454
55.7545 28.0162 60.1360
45.3353 24.5256 37.8455
50.9615 20.8021 51.3021
59.0965 24.9418 58.1032
52.4521 25.2785 51.0079
61.8229 22.4242 70.0171
59.8806 23.5604 55.7699
53.4301 23.9688 47.3633
48.2482 22.9668 41.7978
57.6600 27.4540 63.6290
57.4805 22.3747 58.3876
59.6836 26.9597 61.3886
57.3879 24.4132 56.9200
57.9847 26.9019 60.4830
58.9335 24.5193 61.1937
58.6883 26.9111 68.1821
54.6907 24.7068 56.2607
55.7430 24.6146 53.7247
47.5260 26.1380 44.5238
54.5872 23.2606 48.9343
54.9416 23.4454 52.0495
52.2890 26.3664 55.5879
52.3084 23.9335 50.1454
55.9754 29.4244 57.6803
53.6265 25.5640 51.7283
57.7852 27.0681 58.4385
56.6657 25.3491 56.0160
55.8070 25.0057 65.0991
53.5781 27.0162 52.0023
55.6707 25.4128 54.9105
57.3570 24.1677 60.2083
57.3659 24.2389 57.9912
57.9283 26.1564 55.9232
55.6357 27.6374 56.4763
58.1616 22.8263 63.2282
54.3941 19.8595 56.3503
60.0557 26.8705 70.7055
59.2172 24.6680 53.1418
53.7798 27.3562 48.0898
52.0985 27.3347 50.0547
62.4724 24.9874 66.4923
51.5066 27.7638 51.4665
51.7458 25.5760 48.6133
