10 10 10
19.5291 42.4601 64.7328 40.5441 98.8694
87.4249 36.9107 87.6130 87.4383 80.5298
60.5498 66.8287 37.5419 46.7326 92.1943 88.5068 42.9642 13.9437 99.5636 79.0850
33.5546 45.9406 23.1630 73.1966 67.8138
64.3373 51.2209 75.9170 57.1963 15.9921
66.5181 32.4539 22.1056 30.5040 64.3715 17.9852 34.6964 46.9820 82.8031
61.4118 79.5693 63.7732 86.6112 43.9642 41.6391 33.6713 51.4482 45.9312 30.6685
24.6222 93.2686 50.8660 67.6325 85.7120 72.2850 24.6216 26.7592 62.2652 82.0303
87.4743 11.3505 66.8354 84.8132 33.8499 57.6521 78.9467 89.3853
35.6380 22.2560 35.4991 75.8016 26.5827 85.5569
