10 10 10 10
29.3197 79.5987 91.0296 52.7238 24.4591 59.2581 13.0406 49.6994 56.2961 13.4206 34.3998 43.1681 75.0602 84.5219 39.9250 59.4519 19.6609 80.0084 93.7964 57.8668 18.8591 12.2367 12.8286 66.7757 11.8193 78.5983 60.5719 65.4665 21.1532 39.3702 55.3024 75.6493 68.4586 62.8155 81.1477 70.9180 32.5544 23.9997 34.8440 17.7459 96.0670 13.2760 22.5281 26.9635 49.3187
73.3111 53.1648 17.3075 34.2073 14.5002 50.5503 64.4983 17.0500 68.6617 43.2525 20.4116 83.3467 84.2155 58.5947 60.9646 74.2117 60.7585 36.3206 74.4595 80.5505 82.6727 62.7996 35.3253 25.9470 94.4040 12.9791 41.9385 62.3385 89.7878 87.1339 15.2455 83.4696 38.1415 48.6258 76.9032 99.0987 87.3187 22.1187 16.6579 70.4777 91.2269 24.7845 58.3860 65.6517 15.1361 95.2460 85.7403 99.8863 36.1183 38.1272 16.4230 13.4263 24.6226 14.0263 45.5809 26.1922 26.0308 57.9910 59.4173 60.4317 99.0207 32.4365 74.3213 81.4303 70.4035 69.8154 87.9271
37.1266 65.3273 39.7315 28.7166 11.4063 56.3821 44.9197 16.3607 13.1236 68.7251 24.1788 35.2924 95.4849 79.8063 72.4113 57.4784 36.3987
52.7490 58.4030 75.4696 90.0795 93.0226 43.3358 34.6846 19.5053 44.8155 96.1451 45.8308 20.7235 26.4943 83.1947 20.8654 46.1179 37.0151 29.5055 47.4664 17.5927 43.8439 62.7700 66.8855 61.6098 29.0793 29.6146 62.4751 84.6136 10.5975 28.6322 81.0024 34.2002 44.1322 49.9933 71.7482 49.3230 20.9717 83.7045 49.0875 60.1623 26.3045 36.2620 37.8090 98.8920 24.4841 57.1191 25.7597 13.2693 40.9454 26.2228 71.3454 26.9950 21.9020 20.7969 10.5598 96.4032 94.4084 41.6836 75.0662 20.3610 29.5155 46.5458 44.6493 66.2811 52.8372 31.8268
72.9945 82.3482 89.2687 43.6662 48.0614 64.1570 47.8284 16.8080 61.0991 34.3027 89.3670 11.5910 28.8580 17.3120 87.1473 29.6298 97.7781 37.6420 31.5188 19.7212 46.1435 78.5568 83.2571 63.1417 70.1981 43.5265 45.7852 65.7076 67.3504 72.1800 96.7348 91.8459 34.3954 59.1446 91.9339 89.3775 11.5846 15.2334 52.0110 25.9068 80.3547 73.0336 71.6683 95.2237 73.8597 60.6322 21.2372 64.4686 91.4541 72.5173 18.6525 87.1307 42.4708 97.5638 27.3788 25.4934 36.5754 26.8417 85.6406 48.4033 14.7807 92.1533 58.4992 77.7625 37.0185 27.2960 66.2689 96.6651
53.5337 97.5192 19.6495 99.2655 66.9604 45.1636 38.5300 25.7678 38.2535 47.1667 90.3988 33.9231 62.4961 12.9628 48.5672 41.3833 41.4584 95.2042 55.7827 99.0547 79.9958 20.9393 12.3296 38.7667 61.8199 39.4693 44.2008 32.3601 23.5648 25.0690 84.6817 74.8131 95.2603 17.6065 96.8080 51.3747 45.1001 13.1091 86.4372 98.3125 93.8229 67.6488 41.9601 71.0868 26.6603 59.9086 11.3450 56.6258 15.1662 68.5281 66.3848 68.1631 59.7251 10.0864 16.6686 39.2943 11.4810 95.7849 83.5434 26.5732 92.2130 68.5623 32.8793 82.9956 65.8481 58.0729 91.1121 46.5084 16.3467 91.5632 17.7815 91.6730 57.8291 96.6277 18.6301 95.7667 16.9953 37.0007 84.9853 31.6766 18.4877 90.0084 97.5600 80.3555 95.6430 15.7654 80.6514 56.2461 69.5208 69.7495 54.5591 90.7208 12.4845 68.8387 80.9034 52.7903 41.7380 15.4378 66.3326
67.5139 38.3888 46.7506 60.4483 14.9866 64.3880 75.3793 53.8173 41.7083 93.9795 64.5334 51.0829 59.9860 13.4304 95.7869 84.0638 88.0581 93.2806 57.5108 29.0119 77.5824 98.3959 72.6455 30.6235 36.3861
44.7206 95.3319 99.7905 14.9837 63.4104 73.2090 93.4666 22.4701 49.3398 98.1207 25.1215 60.6810 36.7069 27.1738 27.5082 78.6255 82.3511 87.4549 80.7214 40.0682 74.3780 37.7032 39.5868 98.4691 25.7356 78.9434 93.8128 10.3446 28.3459 63.2809 64.0500 86.7995 71.8955 22.9608 92.6726 70.8600 32.6753 96.9511 95.2285 32.1210 67.5658 20.0597 57.2583 67.3805 28.3849 60.4941 96.5784 34.8266 63.2065 15.0129 16.4857 46.5952 94.4340 11.7564 42.9740 21.9724 15.5788 34.1711 83.3075 58.8993 91.4135 15.0784 35.7053 10.0325 21.4884 57.8176 33.5983 34.2544 86.2392 76.7528 38.4643 25.4288 63.3282 28.1058 71.4549 24.1279 90.8316 85.7516 14.8704 42.8142 14.9292 39.7925
60.7224 22.3745 79.5675 44.9230 50.8731 14.3090 94.9892 59.1523 20.4691 70.8043 52.1526 89.2960 87.2051 94.4675 89.4882 77.3680 12.8296 55.0358 17.7888 30.3429 54.1353 22.0190 80.5644 54.1969 84.5898 81.7755 74.0244 29.5041 67.2676 84.6213 26.9735 41.7936 23.2692 42.2982 18.9519 53.0614 65.3341 69.5839 83.8554 29.4849 17.5829 78.0547 45.2314 21.7217 71.7996 53.7789 10.7896 57.8845 83.7063 58.3914 47.0740 78.6586 66.9359 32.8491 59.9667 59.5309 66.5283 24.2387 60.3649 76.3988 36.3134 85.7093 16.3588 23.6943 64.6201 60.1290 24.8684 73.4538 83.3189 46.0563 32.6794 90.7182 59.5741 12.0341 38.7137 45.0604 14.1803 89.9769 80.4265 73.4065 45.6821 65.9686
64.0019 41.8918 76.5684 30.0339 97.4556 59.5272 39.5908 95.8840 41.3333 63.2226 62.3688 36.7100 51.7891 51.3874 38.1383 25.2301 91.1810 55.1039 60.8630 32.2985 34.9837 66.5907 25.1211 91.9390 12.1229 44.8202 17.0121 46.0343 98.2089 58.1015 61.5267 74.0799 87.5590 63.1858 50.0476 40.4983 30.9974 72.4267 31.6133 60.6238 55.6247 48.5122 26.2752 45.1939 99.3579 87.7997 65.3476 90.7223 31.9569 80.3059 39.2203 35.2010 45.2335 98.8036 58.4705 12.7277 99.9507 44.1372 25.2894 88.5640 30.9897 31.6961 67.6027 52.2977 43.7893 47.4469 11.9885 93.3949 79.8783
74.6889 46.6724 63.5394 23.0599 11.1670 27.9552 72.8293 23.8555 11.9013 79.1934 92.1759 80.8808 59.0606 25.6308 56.1396 45.4725 41.4648 11.7062 36.3836 67.2853 52.1738 94.9205 70.6227 76.7506 81.8819 46.0859 31.2438 97.4194 98.8704 85.5165 18.4335 39.6615 28.2498 81.9083 99.1190 89.7097 89.5859 43.5956 87.9591 80.8512 98.9456 50.7755 24.2156 56.8556 67.1199 94.9779 36.8084
84.8851 14.3867 45.1414 81.6600 65.3566 52.8752 31.4084 67.9594 51.1528 80.9899 85.9306 51.4426 81.8279 20.1083 60.6947 21.8359
45.7553 42.9769 28.5283 37.3186 51.9272 18.4198 49.0008 10.9772 60.0485 22.6941 48.0972 95.3392 41.4669 34.8963 40.8384 12.8869 77.3688 56.7259 77.5893 90.5181 79.8850 36.7374 98.3335 44.6860 58.9679
89.8371 74.2270 36.7779 86.5417 28.1768 15.6373 22.6578 56.6201 83.7194 18.3261 74.0867 88.8975 57.5333 67.9044 55.4401 56.7251 93.6883 73.2495 66.2049 75.0147 27.7305 27.6504 58.0810 49.7747 47.8214 80.7272 49.0367 62.8763 70.3469 22.2112 96.7056 12.6635 83.1518 85.2513 16.0611 91.2192 38.3801 41.0166 27.0158 28.9827 14.8089 64.2978 44.9776 82.4768 49.5481 65.3366 81.1363 24.9476 97.8067 54.9341 72.8207 65.9944 27.0043 41.5265 57.2906 26.3945 24.6958 97.5349 74.5155 46.2127 25.5194 45.2234 62.3311 82.3521 63.2222 19.4207 67.4771 24.9542 86.2363 97.2819 87.2899 13.7701 36.8884 89.0834
20.3475 90.9310 56.8334 87.3583 16.5628 37.8701 51.0338 28.2462 59.2184 44.1368 36.4191 29.2067 53.1027 14.8515
49.1631 99.2254 21.8771 74.2401 15.5834 79.7699 70.7042 12.7480 47.6147 85.3136 39.7340 61.2826 57.2434 54.9985 38.4747 47.5547 62.4155 33.5506 91.6951 55.7506 48.5402 18.1572 99.3929 77.2413 99.2811 27.8683 37.4102 26.0975 34.1854 58.0885 31.9560 87.2151 90.6467 28.9070 93.5807
12.0369 26.2497 66.0308 52.0538 28.4793 13.2538 94.6942 43.4580 63.0896 76.9361 82.9438 82.2792 10.0438 24.3896 14.3876 87.1839 21.6574 43.0933 37.9926 88.7024 28.9793 64.1213 61.2981 38.8934 98.0602 66.3056 55.3016 14.1619 37.8601 26.3613 84.5413 48.0660 78.4683 53.7332 60.2779 89.3278 56.1609 87.4239 84.8449 72.8880 12.2792 76.9338 14.7760 42.1244 40.0787 32.7709 11.5011 67.2413 66.6282 67.0410 12.5157 14.0120 14.3701 94.3188 22.8850 77.8564 73.4289 43.9133 46.4855 86.5111 36.1709 86.4418 55.8358 49.9593 12.7551 93.2114 54.8634 98.0056 47.4692 53.4958 53.8277 60.0334 39.5511 20.3758 51.7886 98.3069 12.8220 34.8704 72.2842 50.9827 88.7082
46.2681 61.2239 72.1736 39.0546 99.4308 66.4958 56.7966 19.5467 78.9466 93.5741 24.7948 95.7249 44.1252 39.7948 41.5407 45.5837 19.3542 20.1158 28.2328 63.2473 57.2761 32.0852 91.8344 48.6560 77.8672 87.8974 95.0555 31.1071 39.0947 33.4835 91.8464 86.8040 11.3794 84.7859 91.3404 62.1375 41.1333 56.4554 69.9818 48.8943 82.1217 47.1382 52.9919 69.0452 85.9517 27.3586 37.7972 60.7443 88.5879 63.0040 40.6342 39.1720 73.8923 67.2989 92.4055 57.1579 41.4421 85.9236 38.5641 86.6961 46.0508 93.5335 70.8891 97.7811 81.8696 51.3676 69.9605 52.8811 49.8372 95.4661 41.0288 17.8552 32.0120 86.9280 64.4559 61.8568 20.9103 29.7295 39.6439 54.8539 27.7002 92.0252 11.9615
60.0705 48.5376 88.4474 99.6083 59.2647 82.0895 68.6468 40.5613 54.5062 77.5549 34.2244 42.0842 39.0904 65.2210 39.4824 41.9482 59.8147 49.4823 38.1863 11.2595 17.8665 80.6739 14.7513 10.0881 66.5715 72.5666 21.5742 86.5616 97.8712 51.3996 74.5570 89.2557 30.4806 12.7493 75.2692 85.9736 23.1438 66.2764 14.5159 21.0968 60.3456 98.3907 90.8556 89.0100 82.5585 85.6573 83.9128 91.1924 48.7041 95.4361 92.2008 51.9098 92.6253 63.7270 71.1034 31.3097 32.5092 35.0764 16.8055 90.6044 86.1109 13.6151 85.6766 55.8377 39.8570 98.2440 64.7378 15.6456 86.0828 35.0978 94.1006 15.8060 14.3184 62.3562 88.1326
22.7487 17.3664 21.7432 16.9394 83.4127 62.3228 89.3227 86.6228 72.5328 48.4565 13.5578 25.8248 75.2921 28.7086 21.2689 32.5332 40.3902 46.5505 84.4066
91.9660 39.8988 35.0829 73.4356 63.3806 93.7574 29.6658 76.4520 93.9336 64.1327 88.0539 30.2870 65.9392 52.3301 60.0663 43.1737 67.0903 62.0499 26.6497 29.2570 11.7488 92.7077 57.0031 27.5703 40.8295 75.4164 69.4101 99.6026 33.4947 35.3685 10.1076 17.8100 49.1447 59.0814 85.4729 73.0411 43.6466 57.2989 49.1308 49.4468 47.1461 58.4500 86.4516 45.2377 89.7464 70.8454 46.8051 95.7176 89.8526 71.9152 45.2146 97.8964 84.8338
62.5882 45.5464 43.3388 71.9613 36.1046 68.9200 96.4682 11.2725 51.7019 25.9352 34.6822 55.9296 16.3204 82.4755 87.2682 14.6655 32.4913 39.1439 91.3110 62.7903 65.4949 75.5814 42.1105 45.1341 15.3767 78.0148 50.1357 94.6059 40.0627 12.6161 32.9544 26.4460 10.0934 95.5112 21.3665 51.3007 45.8294 68.8342 31.4456 45.7481 83.5056 57.0602 45.8355 97.6978 61.6435
68.4183 58.9069 96.3832 40.4715 52.4140 58.4899 63.2244 59.6904 95.9251 92.7360 50.8326 40.5678 76.8594 97.5302 60.7545 59.6597 13.4372 71.9375 79.0959 56.4956 67.1609 27.8591 30.6232 72.2295 23.6210 77.4321 81.1994 85.8658 96.9860 74.4461 74.6548 83.0999 12.0523 38.2704 97.8740 38.5358 82.5415 84.6138 76.7635 48.6980 68.8024 58.2535 72.5788 43.7891 30.5399 89.4751 46.9183 98.0053 26.1467 81.7586 11.6547 49.0381 69.3408 96.3735 40.8217 32.8657 38.3221
68.2286 63.1808 49.9862 66.4130 63.3431 53.3186 36.3350 52.6178 52.3455 41.8490 90.0640 13.2132 93.0971 35.9087 78.3276 21.7734 88.1637 94.3130 43.5392 32.3205 16.3029 84.4929 12.0824 37.5630 87.1667 78.0328 84.9644 86.9534 64.2537 64.5370 28.2287 44.8437 95.3652 88.3143 54.8803 39.8013 34.4270 29.7560 87.1481 42.0319 95.9019 69.9629 22.9360 31.2973 14.5772 86.9478 10.7815 29.8608 58.7112 51.6246 75.0925 22.4186 35.6710 14.1750 52.3054 76.3962 45.8930
10.5788 98.5241 18.5115 47.4673 51.1521 76.0455 31.7484 96.8039 61.9994 31.7848 49.2246 62.9232 30.8439 43.6652 31.8421 93.6244 66.9965 56.4787 97.5984 31.5803 18.7386 56.7188 29.6997 84.6339 35.3225 46.4101 99.1514 95.1491 50.1759 55.2601 51.8657 45.4145 33.6175 19.7006 64.8998 88.4059 29.8513 86.6625 30.0595 71.8395 99.0907 63.2851 77.6044 55.0597 82.0722 70.6826 15.9093 25.4725 23.4662 48.7328 94.3752 63.4466 81.4045 31.6539 51.9814 82.6120 26.1789 10.1407 94.4845 36.4092 66.7124 18.6484 43.0921 98.7076 68.8277 51.0311
83.3805 75.0894 31.0919 93.2188 63.6817 78.8064 89.9139 35.8592 78.3118 23.1214 21.2878 12.7930 86.7623 79.7266 70.4128 15.2901 57.8947 87.0991 36.5275 74.7027 54.4478 75.9229 24.8161 17.4457 49.8987 35.4538 78.9883 68.9674 99.5864 67.8878 26.4367 38.0312 21.2669 72.4926 11.2456
69.8642 68.5716 62.1268 11.6336 16.5117 25.4378 16.3329 47.3716 80.2043 93.6391 66.9041 49.8154 81.0672 85.8570 72.2807 70.1249 61.3530 17.0869 18.2034 69.7860 72.4801 99.2085 33.1788 28.2991 97.0414 65.7389 37.6495 95.5962 10.9099 38.5348 22.2478 59.0336 41.3562 93.1686 31.8864 98.8589 63.3885 82.7224 99.0976 97.0515 36.6491 28.2468 11.4304 87.5392 16.0686 81.8486 87.9381 55.0789 93.0032 64.1393 88.8115
52.4975 97.8887 21.1921 63.1830 32.0926 62.3887 59.8903 17.1326 17.8731 53.7716 75.8014 98.2443 46.9700 70.1612 55.4798 18.2763 71.1262 99.7574 27.9516 10.4468 55.9042 19.7879
65.0297 15.5673 29.4090 32.1172 12.7101 10.1972 24.0701 36.5464 94.8459 65.6192 20.0084 36.7361 84.3376 12.8544 15.2243 91.4309 51.0599 60.0026 94.3994 50.8489 13.0913 22.1892 46.2969 72.0460 38.5739 82.9611 66.3014 81.7483 88.8518 39.9518 36.3370 10.9372 49.3935 84.7824 21.1897 85.0448 94.9989 47.5965 81.7056 52.9716 52.1957 21.3851 69.4085 63.2731 29.9452 12.5440 31.1180 10.9382 74.3079
53.2324 79.7917 98.9876 49.6273 36.9466 66.4836 42.6897 81.6164 67.0300 52.2508 20.7513 78.5819 80.7034 72.3921 72.4242 57.1901 86.0074 40.0076 61.5406 54.3251 69.4896 57.9348 78.6094 32.0973 76.1643 11.2043 96.4009 49.8705 65.7407 16.1296 63.6453 27.6892 69.2962
19.0321 86.4034 43.3639 38.1195 84.2570 44.0670 86.1266 72.1108 55.8000 46.5747 42.5329 93.0149 41.5402 55.4144 19.8315 14.0052 17.9861 39.9637 84.9100 27.9631 91.6450 24.5932 32.4235 22.8734 15.8216 51.0650 67.3309 95.5070 37.8581 83.9667 17.4068 68.5044 13.8349 64.4625 25.5849 90.1813 41.3505 29.0245 86.8456 80.5502 90.0939 97.9950 95.4248 32.8874 29.3434 89.2158 65.6765 54.6374 43.9173 89.3827 50.8865 68.7310 67.5990 33.8294 83.4631 66.4052 27.8675 32.5522 76.3937 49.1536 64.1669 48.3304 27.4141 59.0944 43.3472 78.0275 12.3919 83.6613 96.8057 83.4257 58.8044 68.3694 83.5908 93.6819 63.4673 75.6463 48.3523 38.2559 56.5624 45.9466 69.7851 57.9160 73.8074 47.6399 15.0637 12.4025
85.3979 11.2466 15.0723 85.2273 21.3063 57.7712 14.2433 45.0243 25.7986 66.2752 53.0433 22.0110 30.7725 54.4466 12.3186 95.0783 62.0912 11.6041 48.5485 72.4618 36.4303 99.3074 37.1399 84.4788 30.0338 45.3525 41.4154 73.4024 73.2164 76.3396 50.9812 50.3899 17.0022 10.7315 29.5016 40.2103 18.5244 73.8450 30.0625 78.6960 34.4216 85.5957 85.4604 12.8140 58.0155 45.4904 54.2247 16.1950 12.8678 98.6453 46.9089 88.2334
87.4758 20.1812 77.9756 99.3382 42.8461 19.4662 22.0338 14.6134 71.6075 62.0886 22.5342 91.8523 52.9526 19.8164 66.4234 35.7330 37.0241 46.2382 42.6676 31.2842 13.5630 13.8659 98.6956 76.7290 99.8280 94.0964 31.6828 93.2530 72.4719 55.0725 67.4944 94.8643 82.3555 32.0189 55.1933 97.0884 41.3595 36.8085 23.9269 46.3020 32.2608 83.9246 64.2547 80.3188 64.6003 16.2025 53.1516 34.4276 39.4521 18.8544 31.5560 68.4217 98.7558 33.9227 90.8597 92.5758 22.1113 45.3586 22.0537 41.2571 83.4444 73.8359 77.2453 11.3052 17.3105 12.4193 41.2058 23.8557 33.1519 67.4744 73.6885 34.8397 77.1470 52.1102 99.5358 10.1992 31.9037 37.6253 60.9152 91.2832 51.6297 89.4589 55.4493 34.4034 50.9966 35.6506 51.4642 72.5562 75.4732 49.0063 36.4869 48.9176 46.9067 28.4682 48.0073 59.0871 19.9937 73.9629 78.3574 83.4319
80.4466 87.7508 95.3136 70.1263 57.6813 70.6733 94.4666 66.8401 75.3377 76.4956 18.7951
31.3301 32.0416 61.3161 25.3738 75.1156 89.9316 48.7742 31.2217 72.3342 85.8113 43.2832 24.0734 32.4648 95.5337 52.2116 73.0148 38.0511 66.0989 82.1299 54.8704 22.9541 11.7205 68.3187 70.0316 82.3865 41.2562 86.1121 40.1394 72.7464 34.6829 28.4410 14.6124 59.2414 99.2915 74.2258 45.0878 65.6617 70.0648 77.6714 15.4978 89.6868 79.1115 41.2902 24.3357 47.8976 82.5351 30.6264 62.7484 70.9988 79.5123 55.2753 45.9619 76.9487 11.9883 44.5183 42.5428 91.3940 76.1730 27.0425 39.4681 99.2563 57.7982 57.4912 58.5840 41.3122 42.4728 52.7401 92.6385 60.3777 36.0789 95.0840 32.0095 57.1278 22.0091 58.3070 98.0066 80.1686 17.9965 66.2624 67.2794 72.3443 50.2466 80.7116 58.4516 11.4441 10.6954 21.8824 90.4032 78.3558 17.6623 11.0736 45.2979 97.1648 72.5620
72.5294 53.9637 41.5357 55.9648 34.6193 48.3505 63.3214 74.6442 69.6555 56.4870 75.7269 96.5908 54.2345 50.7315 79.8648 85.6974 73.5660 83.7850 65.4899 73.3204 81.9323 17.8722 24.4131 99.4500 85.8009 20.7737 12.4011 81.0538 81.7431 72.4292 78.3134 44.0443 77.6804 70.0390 11.8061 57.5852 93.9791
68.5827 58.6146 23.9393 49.6447 90.1363 63.3979 76.4909 79.9041 56.0523 38.6534 90.5732 20.9104 26.9327 82.2461 50.9225 22.9598 50.2239 59.3802 86.7234 48.1709 56.5178 25.0673 57.9610 55.2335 76.3905 62.2298 77.4192 69.4256 95.3718 15.3814 25.2898 16.7309 37.4177 32.8193 57.3464 51.7024 71.1935 94.4173 81.0998 69.3532 50.2601 70.7688 90.7714 99.1809 56.7799 64.8604 63.4970 63.1425 97.1984 30.4716 64.7586 48.7447 26.4532 47.1894 12.1286 20.6980 31.1067 59.0764 37.1877 91.3935 77.9332 77.2926 68.0065 23.7228 40.8734 67.0875 38.7562 83.7364 24.0304 35.6705 96.7657 12.2277 85.9101 28.1890 52.5077 94.9719 36.9368 91.4153 16.4737 27.2011 74.0400 61.9151 94.3297 93.3996 28.1819 24.4389 49.6544 78.6538 36.8756 34.1637
90.6484 36.6974 36.6977 19.0556 26.4447 79.4022 82.4754 99.6584 19.4891 59.2352 65.0417 67.8690 88.5644 96.3498 97.5321 92.8275 43.4179 83.1088
62.7394 39.9597 47.2157 83.0704 67.5446 33.0396 97.9974 93.0420 15.8885 86.8564 92.5460 89.6251 62.5062 22.2768 30.2589 85.0615 65.4690 36.4125 14.5197 82.0473 21.6556 18.0792 73.0806 29.2600 21.4881 16.3808 73.8923 50.4661 92.0588 35.8946 41.4088 99.4557 14.2432 13.5076 25.7325 71.1024 68.7099 21.3274 72.5906 34.2619 74.0471 42.3542 44.7907 62.3285 81.1101 54.1115 65.4327 26.8805 42.5533 33.0332 72.7876 34.4469 61.4689 17.7035 64.6033 97.2976 17.3984 80.2629 23.7250 85.5276 95.7961 31.2754 83.9884 21.2588 93.8068 72.0368 37.8075 90.0736 58.2080 72.9454 72.0805 62.7755
32.1726 91.7825 57.8692 47.2959 18.9685 11.9502 96.0474 80.2474 33.6558 20.9678 60.0662 25.0010 56.1181 24.2619 55.2822 45.0832 44.8201 52.0001 22.8331 74.3349 95.6824 13.8699 75.5742 44.7635 40.7540 96.3972 31.7312 98.5642 58.6297 63.5630 36.6358 51.6279 42.2579 20.3976 40.9383 96.6647 93.3662 68.4617 31.1148 54.9494 64.7688 22.2065 68.3706 62.6914 75.1358 56.0489 64.7896 68.0657 68.4761
35.9844 41.3524 90.5049 19.9689 63.1752 54.7147 34.2498 15.7523 51.9057 12.8769 48.3125 93.1001 50.7221 43.1236 31.6950 41.8911 82.4655 38.7557 48.1038 74.2031 30.4013 66.9508 48.6074 50.1355 99.7090 63.7318 12.7117 88.1098 79.7472 42.6044 41.5946 47.3949 86.9402 25.1483 58.5457 57.9352 62.7619 95.4588 36.3926 25.6993 50.1806 77.0469 83.0559 55.9126 87.8475 26.0900 88.6370 40.1162 99.9559 24.0105 36.4729 80.6525 58.9488 90.6787 30.3750 80.4615 66.4546 91.1841 36.1265 65.1046 60.9752 38.1980 13.2838 24.7733 75.3557 24.9371 58.6958 39.3022 72.7730 33.2034 16.4978
53.2001 86.6833 42.5569 79.5235 77.0164 10.8626 62.1234 95.9149 79.2607 99.7718 99.3353 44.1962 61.7862 27.5440 46.7493 81.3978 46.9826 53.9876 96.4714 59.2232 46.2436 32.2806 85.7018 44.9373 90.5783 51.9036 50.5334
57.5994 63.4847 96.4068 85.6279 65.3506 27.5949 42.7745 53.2311 91.2683 71.2822 72.5259 55.7737 22.2077 15.2006 86.0693 15.5030 57.1077 21.2275 14.2332 83.9489 67.9211 95.7195 97.6483 53.8591 86.7305 96.3940 63.0332 50.8265 55.1351 46.9573 41.3899 86.0285 18.5420 78.6268 91.0730 43.0568 35.1062 84.7745 11.6702 38.9474 97.2362 68.6236 66.3714 39.0843 28.1490 38.8160 57.4805 45.5314 78.3325 18.4290 34.2802 26.6774 61.8181 82.4090 78.7174 64.3853 42.9504 59.6310 21.8132 58.9844 57.9609 68.2019 15.1901 82.5085 82.0729 24.8440 67.5963 52.6035 61.7234 49.5858 33.3633 41.6912 97.0452 49.0191 85.2522 45.3511 51.9585 95.1455 86.9901 79.6540 53.6066
60.9015 75.4756 91.2583 36.0966 24.6538 86.9845 46.9392 37.9769 51.3424 74.6347 76.1920 32.0322 52.3687 31.6369 16.1235 46.5295 37.3058 67.6130 74.3314 70.1598 50.1452 34.5974 63.6419 99.1149 64.6409 47.0039 57.0651 76.1405 11.0886 60.3005 40.0085 11.5977 84.0139 71.3632 11.9240 52.1496 63.6377 96.3366 92.9969 22.1705 29.4711 15.1831 27.4341 53.0463 78.3318 43.9053 53.6593 36.6643 99.6946 96.0048 23.9123 75.1164 61.0606 39.6555 36.8415 93.7351 87.7917 48.8370 71.5027 97.4230 68.9422 51.8765 19.2847 46.1704 88.3700 77.0348 18.4629 91.5401 78.3693
31.1394 18.3892 32.2745 84.0284 60.5216 36.9832 36.0402 70.3410 99.0619 91.8373 93.6389 80.0884 14.3278 73.1887 15.8515 11.8497 61.4283 19.1290 60.5366 57.2222 15.2019 83.6272 38.2633 34.1747 79.9047 89.4959 37.0423 44.9666 54.1007 34.1741 15.4181 86.7683 20.6100 75.8578 46.9474 33.7475 98.4970 50.8556 45.4968 90.5346 61.7460 92.9177 69.7829 88.7304 55.8463 36.4452 63.4360 83.9372 72.1222 53.1381 94.8206 81.9243
42.6538 24.4816 84.7583 96.4181 81.7151 82.8994 10.1691 23.9230 25.5797 71.6562 97.5341 96.0239 69.6814 90.0261 50.0291 33.9440 43.9070 28.3769 95.2018 73.4178 52.6498 69.6012 28.3965 33.8208 61.0321 74.8874 26.4024 83.8452 64.6771 32.3402 58.2689 44.1641 32.3135 70.2669 81.8133 83.7299 55.3259 35.5890 22.2373 99.2430 99.8407 77.0605 20.4449 99.4157 41.2423 76.0004 48.5561 46.8359 90.1890 29.1745 41.6646 44.2625 40.6919 55.7168 36.7294 50.0899 20.2763 37.6653 66.4352 70.1206 25.8217 68.7319 95.6593 20.8877 13.5824 10.2843 29.8597 19.3908 46.1277 56.1031 97.0202 69.6206 42.5198 78.8354 52.7618 90.6675 96.6964 52.0625 33.4685 58.5526 92.9349 57.9403 54.2246 42.4829
31.7485 41.3062 32.4328 79.3872 82.2631 59.9733 83.1568 96.1182 25.5738 18.4650 95.0099 52.0039 40.4641 51.5449
87.5713 37.0925 27.6487 80.8846 52.0040 94.3547 31.4146 62.6348 43.1062 81.3965 40.7494 84.3775 33.1226 39.6342 28.1979 60.3339 66.8163 93.9601 47.5745 27.5211 71.9674 46.6194 41.8635 75.4391 45.9240 77.4889 85.6416 33.9614 20.7796 19.0613 47.1581 61.2823 86.3673 18.6976 60.4515 42.0219 88.8152 93.4271 16.3419 54.8309 44.3418 71.9619 27.2530 70.5506 60.1086 44.4118 44.5856 41.0612 67.9933 98.9019 88.5781 32.7289 95.0024 47.5760 58.2208 79.5562 28.0965 20.3438 17.1686 21.4191 81.1052 44.0621 77.8646 71.6565 36.8031 46.5314 42.9636 68.4866 23.4955 66.7843 58.4535 26.2320 77.1621 51.3969 62.6511 80.1202 77.6799 62.4152 64.9170 88.6653 77.4951 95.3798 80.2840 61.3725 46.7566 78.8770 37.6781 55.1270 31.4554 79.1162 12.9761 14.3928 18.5237 18.6694 14.9217 75.1933 21.2819 97.5236 69.5340 51.3913
20.1601 30.4692 70.5651 27.2634 78.2902 23.2399 88.8799 16.7931 23.9743 98.4763 54.3112 70.9549 27.9350 73.1065 57.5964 16.6450 77.2008 56.9389 69.4275 54.8399 78.9172 49.7465 53.1836 31.9466 70.6510 43.8347 16.4851 37.6446 94.2520 61.7468 58.6996 75.9642 20.1690 80.8665 92.4293 92.2206 94.4189 83.7560 72.8071 57.1314 99.0215 95.3496 59.9426 85.7914 32.9010 94.7518 81.7692 43.9573 96.0941 99.6939 60.5855 51.1838 49.7334 37.3646 53.3374 46.3792 49.0472 15.4562 41.1213 51.8434 91.5233 20.6232 31.1679 58.2960 91.9512 91.2969 72.5651 42.7006 26.2729 67.3557 50.9596 24.6871
24.1352 28.5812 32.5700 12.1363 73.9484 68.3230 33.4795 38.5545 45.2662 35.0205 81.2986 27.9546 36.0011 86.4137 83.1212 94.3070 97.1713 77.3026 92.2018 57.7631 22.1652 53.8332 87.0398 44.8797 59.2199 97.9727 61.1010 24.5108 78.2645 46.8174 95.9562 38.3564 11.1345 85.3891
87.5045 36.2937 92.4716 56.1320 20.8449 52.1471 75.4665 98.0675 24.2727 34.1717 59.9303 65.0904 19.1286 57.3542 25.6771 39.4318 62.9613 66.5368 91.9436 10.5395 87.3364 36.6576 53.8426 53.0715 81.2337 89.5803 52.9596 12.5682 10.7447 32.4433 58.6484 47.9117 67.8200 54.5271 57.5234 49.1458 35.0742
47.7348 79.8178 61.7372 64.6042 26.6623 53.0504 71.2950 40.2776 74.3542 69.8437 90.2452 67.4551 38.7783 91.8619 18.1898 54.9435 12.3420 78.0331
85.2127 61.6195 76.9652 51.3154 35.2588 73.9046 79.0998 70.4728 87.4475 52.9554 96.8250 32.6962 85.9992 40.1822 81.3299 59.4868 83.2054 59.7135 49.2190 49.7495 83.8299 44.4537 21.9361 62.7579 64.9576 19.7563 44.7976 31.2350 34.6529 49.7290 25.0130 34.3201 50.9747 81.2043 87.0624 38.0934 43.7942 31.2795 30.6201 37.3795 56.9004 44.3015 31.4949 60.8863 55.0384 77.8213 29.1007 28.4948 50.7752 87.5389 21.9408 15.5443 47.3696 47.6003 55.9451 17.9254 83.5640 49.5133 31.1050 24.1361 23.5245 52.9912 96.3932 44.6757 64.6799 30.8402 19.6368 98.5276 17.0699 70.9870 94.5962 12.6293 56.8553 70.4350 69.3595 12.3997
84.8761 30.2620 56.0166 21.9704 98.9439 34.9795 85.2908 48.3352 24.7509 22.4941 63.3194 24.6790 79.4934 46.0401 42.3885 72.2858 33.3240 48.6866 48.8693 58.7822 35.2435 65.6879 50.9992 23.6389 41.7197 75.4711 18.6371 57.0935 54.1855 65.1142 40.1817 98.8828 26.7987 38.6093 13.6307 43.7186
97.2354 40.3243 30.0691 29.6738 34.9023 33.9966 97.1044 65.5255 67.2280 84.8318 83.5331 54.4223 16.4435 98.2834 55.4084 80.8529 97.9429 95.9759 96.7079 87.8594 94.9707 71.5261 98.0494 93.7192 33.8646 21.2053 98.6525 47.7383 58.9619 83.3865 90.7695 29.1330 70.4845 16.4244 58.0031 79.2406 19.1022 74.1777 39.1373 59.4905 77.2391 47.5216 42.1525 97.3345 22.5662 76.5347 20.1910 73.9706 93.2590 39.1492 66.3459 32.9726 33.9824 93.1482 10.8718 66.0288 81.4443 13.7718 57.7741 85.0052 68.6814 17.9457 61.5162 99.4730
26.5359 13.0169 81.0743 42.7840 14.6607 75.1453 28.2827 42.0971 94.0471 72.2452 57.1785 17.1174 54.2208 77.9032 20.1427 78.2759 73.9203 92.0928
39.6607 81.8256 35.5277 24.1672 46.1107 30.4644 71.3401 58.9132 93.5348 11.8680 56.7166 36.7332 37.4819 55.1516 79.1811 48.3123 11.1453 89.6744 56.0369 59.0635 66.1632 67.1506 56.4931 43.3381 20.0472 51.3393 28.3055 57.7257 50.1499 12.2118 21.4743 94.2150 83.8303 89.3436 39.5717 91.4055 72.9001 98.5142 25.7187 64.7556 39.2654 36.9044
72.8375 15.1708 12.5264 35.8696 96.3601 66.6385 29.4171 96.9063 15.0593 85.7697 19.7033 71.3427 96.6916 85.6041 18.8687 33.2013 79.6959 41.4634 23.7728 58.3521 71.2122 54.5857 15.4001 28.5086 90.9959 23.9115 82.5376 28.8681 83.9543 14.8663 42.1809 82.7836 74.9521 72.6075 91.5729 71.5217 21.6832 41.8581 28.1991 35.1070 64.6109 71.9666 61.9198 38.1939 99.3581 32.8229 71.0584 50.3906 86.7027 98.1441
17.4949 21.3767 34.5145 16.2017 81.3443 41.1766 27.7361 75.7677 68.1768 76.9722 25.5171 74.2379 28.8055 19.7556 42.3507 91.8129 23.1922 49.7382 65.3695 25.1648
89.1136 50.7153 74.6577 26.8434 25.9308 71.4066 66.9372 31.4948 48.2502 58.8714 28.2976 68.1204 51.8888 20.9323
86.2958 76.2474 84.0101 27.4778 11.8070 22.3071 50.9863 55.3210 54.4113 99.4181 68.9772 57.6336 58.1032 76.5804 21.3705 48.3085 81.7501 81.1312 55.5855 48.7962 31.7298 21.3188 89.6518 63.8877 39.8359 53.8438 31.4041 72.9794 27.8483 91.3185 56.2105 15.9990 43.7952 66.1989 67.8172 64.1308 32.3333 92.4658 98.3344 63.3196 96.3861 84.6922 82.7022 90.5670 39.7838 56.7388 14.4103 75.7856 21.9218 75.2737 84.7161
36.8082 76.3563 51.1238 42.6981 73.8861 49.4487 84.7226 32.5444 72.4043 18.0341 98.7468 79.6658 67.4383 64.0621 71.4438 63.1754 19.4580 58.3382 29.7141 58.6991 39.2167 63.5163 22.7722 94.5217 32.5935 15.4831 27.2411 13.4650 50.5130 52.4521 29.6949 18.4650 47.6839 94.0319 77.3024 12.3572 16.8999 15.0946 74.7622 88.2491 63.0728 41.3640 94.0717 25.4952 68.7210 26.2107 50.0355 71.1600 50.7289 82.4695 81.4479 79.4199 39.0907 53.0269 51.0079 21.9213 63.2590 73.0559 34.1132 92.4717 92.5942 44.0548 25.9828 53.2478 14.5736 23.1601 57.2164 18.0469 26.3069 22.9526 43.1567 27.3031 48.3628 97.6645 25.7301 43.4232 82.1341 76.3824 93.4284 30.4390 55.8509 90.4113 63.8762
81.6480 69.3419 44.2463 28.6205 83.8326 75.7908 24.0799 57.1236 30.3486 71.2986 91.9694 58.0895 81.0525 55.9518 57.5240 70.6924 78.6451 76.7388 90.3620 20.9050 76.6674 52.3861 20.6220 85.8122
91.0881 71.1857 84.1213 43.4057 53.7735 55.9035 93.0185 25.8763 31.1586 40.4960 55.7699 49.1005 90.1528 71.0856 64.3538 98.3087 81.0621 44.6269 56.2473 45.2142 52.8960 18.2465 96.8649 48.3501 64.4077 99.3485 78.1172 69.7202 70.9591 64.9263 42.7215 92.5634 41.3790 45.3963 70.0191 50.3496 14.8611 51.7757 26.4873 14.0325 95.7839 62.3769 30.8981 52.4311 46.1519 67.9910 76.4785 50.0243 15.4238 97.5264 78.1385 44.6058 49.1588 42.4024 44.9026 50.2519 97.4458 51.2207 88.5355 80.0117 92.0271 19.3156 59.3653 93.1558 47.2473
64.8865 32.5400 74.9654 47.3318 26.3070 29.7923 34.9839 33.9086 39.2055 32.2108 95.2321 38.6444 84.9500 51.4154 81.4631 66.7245 65.3406 93.9832 35.0520 14.1731 41.0711 65.9018 47.3948 39.6372 61.9738 46.0689 12.4095 91.8127 54.4030 99.1210
66.1980 31.9937 29.5881 31.4500 33.5860 57.4169 42.8592 41.7978 22.9158 90.1511 37.9197 65.7470 30.5526 32.9223 69.9124 49.1226 87.6185 55.2527 41.0549 16.4568 78.5295 97.0500 21.3065 86.8189 54.3972 23.9248 51.1127 26.0320 70.3686 34.0757 17.5619
74.2990 95.8621 99.3371 92.0186 58.1740 47.5454 25.3451 67.8529 91.1174 67.6961 24.4569 65.8126 75.6994 21.9323 68.5068 32.0129 12.5928 21.1135 72.1441 25.4224 82.0153 37.7303 99.5017 81.6504 89.0788 26.2878 27.7016 21.6802 13.9223 81.2281 72.4668 11.2078 77.7746 67.6566 99.6669 12.2892 72.6540 63.1682 92.9765 23.2296 34.5472 44.5246 66.2831 44.7054 37.0699 27.3320 72.4980 97.7720 96.9087 50.9819 80.1724 47.2648 44.9756 34.0421 49.2649 88.0329 74.9632 18.1771 37.2144 17.1841 96.4367 89.3458 66.2143 98.6055 77.1517 90.3862 25.1267 33.7287 50.0827 95.1580 63.2496 13.2698 10.4043 63.4515 30.0825 63.8064 54.5189 84.5779 68.5874 77.3295 67.3210 52.5468
54.8902 85.6219 58.3876 26.3643 39.0916 98.8688 67.6668 46.2098 44.0357 43.2618 25.1448 94.7593 68.4246 79.2078 72.1602 34.9429 96.3009 73.7642 38.1079 50.9644 16.7348 53.1437 96.1412 58.9189 71.6485 64.9321 41.1026 65.6521 35.9712 79.8157 25.6931 78.8222 37.7783 75.4153 36.3565 77.5040 88.8435 83.1312 34.1580 33.7266 14.7597 62.6484 37.2252 48.7217 48.9742 94.7135 54.3235 36.1101 27.3322 67.8699 63.6800 75.5994 60.8433
34.1301 44.9428 52.8484 43.9514 78.8768 93.0468 40.6073 93.8002 30.1219 16.7654 61.8114 91.3692 60.7364 48.2677 85.9716 57.5578 27.1146 98.8588 61.3886 61.8703 77.1026 93.7614 40.9524 73.4143 88.4605 72.6697 43.1019 49.1229 84.7121 10.8214 35.3356 96.6214 91.2942 23.7691 22.4540 88.0649 47.5648 26.0324 42.1094 96.7645 91.9395 35.2251 17.1081 90.5264 27.6090 87.4346 19.3986 78.5442 71.8495 82.3426 71.4229 13.5265 87.5295 34.3089 82.0221 90.1980 49.2236 23.6495 79.3090
79.7466 26.9619 45.9182 14.9836 34.9438 64.5480 39.3576 22.2290 35.7809 81.5952 81.1385 15.3344 79.9129 77.4235 21.4739 53.8737 50.8090 31.4411 61.9022 89.7592 94.7276 56.7430 93.5962 72.1845 22.2402 98.6245 96.6941 29.6571 41.9977 80.4742 49.6436 53.5567 89.0697 69.5842 90.8293 52.5250 53.6358 58.6565 31.6726 99.9206 34.3257 84.5105 45.3562 22.8875 95.1858 85.7262 26.7162 40.0524 59.5961 21.0032 15.5445 86.4910 62.6263 65.6231 24.8535 80.3605 16.5919 36.5903 47.6928 32.2816 44.0036 72.4039 75.8226 44.2484 39.2240 26.9430 53.2870 99.3675 70.9976 75.4410 57.0971 52.4280 83.8215 48.1700 77.9273 73.6206 92.8145 27.1882 51.5383 87.5301 68.3570 58.3699 68.0273 43.0125 66.9025 17.8775 47.3662 58.8372 60.9701 92.1372
30.3319 68.1226 80.3549 22.5447 50.8363 95.4455 97.3087 77.6918 33.5761 53.4896 80.4551 91.6331 11.2324 18.9352 96.1110 92.5484 69.2145 38.9039 34.9333 89.4783 37.5997 83.4466 94.3308 10.0199 73.1803 21.9282 79.3865 93.6109 50.0051 88.7396 53.0205 90.5507 39.4049 63.1873 17.5254 69.1885 87.5985 52.2889 90.1752 73.4341 14.7717 89.9840 68.2834 53.1644 81.5976 41.2156 73.6713 23.7974 43.8427 11.6093 25.1655 67.3300 78.5117 15.9181 30.8454 83.8564 12.1379 86.4258 48.4627 38.1810 44.4777 69.3366 38.1148 45.9487 93.3575 57.7787 50.2984 67.3930 25.9079 63.8831 32.7305 95.1319
63.0762 91.4403 98.3279 32.3396 12.2808 10.9434 51.4574 45.4693 72.1487 38.7619 60.6913 63.6184 95.7304 84.7089 29.9059 59.2966 47.8993 84.4165 58.3568 83.9129 26.7133 46.6962 31.9200 70.2839 91.1880 16.8238 50.0685 94.9351 48.2816 36.8343 58.3688 94.4140 73.2848 91.9281 61.6962 65.3106 65.8993 70.4204 58.9536 18.5909 10.4936 34.8127 96.7026 43.1185 77.8814 66.4463 80.6696 52.3578 39.6766 73.7740 63.3309 73.3472 87.3141 25.0905
20.7747 94.1592 35.9792 98.0571 72.1337 18.6841 17.1053 32.1179 76.0612 57.7424 71.4889 68.2748 36.8471 68.0894 89.0210 82.4772
46.5110 90.7902 63.4195 49.6868 33.9890 71.5072 73.5905 38.3624 76.2668 69.7847 87.5879 27.9396 35.5432 24.4526 50.0614 67.7054 57.8049 90.3011 15.8305 82.9731 10.2809 30.3006 41.7077 93.5767 24.5159 77.5268 53.7604 78.3653 66.3980 81.2091 94.2261 27.1484 76.1615 46.3048 30.3153 67.6565 58.1956 58.5592 85.3553 32.1451 47.5637 49.0543 24.9648 22.2167 75.3599 11.5505 54.2463 74.9088 40.3584 36.9604 78.9093 69.8802 98.3278 31.7638 26.4073 66.2662 25.2137 19.5466 63.5116 39.5476 78.2745 46.2334 16.6596 67.9102 91.2622 73.8116 19.2358 54.8464 84.9056 57.6750 10.8749 82.2846 15.6554 70.6862 70.5597 20.6679 31.2565 42.0503 42.3250 46.4956 27.8037 61.5385 98.4979 88.3041 73.5931 29.3407 79.2586 86.4011
44.4397 76.1376 82.7827 92.3686 76.2560 72.3109 43.4881 24.9432 41.4743 82.9002 20.8532 24.2179 32.8434 49.9691 58.2406 39.4582 67.0602 32.6779 99.3605 99.8024 21.2746 98.4965 83.0185 14.0758 40.0731 53.3314 80.5393 81.7643 44.2436 83.7199 82.4344 85.5535 70.4004 22.0418 30.3863 18.3281 77.4810 55.2120 69.7837 28.7971 32.3581 26.8041 39.6537 49.5659 71.0583 43.0722 23.7144 46.8602 47.5781 63.0978 50.9144 43.6456 14.3842 42.4241 87.0983 14.8527 31.4782 72.4602 68.2787 84.8064 98.7143 33.5334 66.2281 40.7172 22.5337 31.3347 64.6896 38.7485 77.1349 73.1363 48.3817 19.0085 61.2750 27.1018 44.9404 79.0222 85.4500 19.0590 99.2352 68.9308 90.0692 66.1586 54.1179 76.9559 58.8596 75.4426 39.3920 88.5664
70.5175 14.8483 55.1933 63.1777 29.4676 63.1241 38.8290 79.8976 35.0479 45.0594 13.6898 12.8648 23.9929 41.6839 12.7862 51.5103 27.8814 88.7057 14.7574 10.4945 32.4735 44.5238 75.6500 73.7233 26.2675 23.7770 42.2201 76.0820 89.9177 85.5290 60.1920 44.1594 66.9782 15.4312 89.4161 46.6765 96.1833 22.8601 81.2770 11.4627 50.2351
66.3711 39.1635 99.9032 44.8189 22.3095 36.4222 70.3815 74.5240 68.8587 12.1770 36.8337 94.3130 50.4197 61.8955 39.9436 27.5530 71.5742 35.1020 42.5227 91.0102 48.9343 40.8481 79.6275
36.9964 63.7458 68.9124 50.3609 52.2489 49.4270 22.2586 29.2256 64.9400 34.0772 27.0074 42.5862 25.1207 90.1099 65.9902 32.8576 71.9072 35.8542 90.1491 43.0000 95.5027 79.5740 22.2993 40.0988 84.8843 37.2878 59.5829 60.6366 64.5255 44.9009 22.1220 39.9361 33.7832 61.4520 28.0960 36.1740 29.3923 23.0815 64.2368 97.7662 71.8507 99.6154 58.1419 66.4485 57.3779 96.1738 29.5488 79.7421 98.5177 72.7234 81.4819 81.8984 10.9330 73.7778 16.3415 47.0310 38.5371 91.4641 83.9508 33.5020 42.3554 46.6052 30.3384 66.4984 74.7914 40.0769 40.8242 48.4041 63.8075 46.4998 81.9319 89.6913 88.8796 60.1761 29.6464 28.0682 21.7337 81.7333 68.1678 51.8501 28.5808 63.3837
28.7284 72.6305 91.8345 17.9038 82.2336 18.9166 62.8254 57.2615 36.0254 65.7022 81.9311 52.1010 18.7919 37.9355 67.2787 27.2106 24.4451 35.8033 19.9646 17.8887 65.8687 93.9460 74.6912 41.6783 42.2415 26.0496 19.4656 23.8812 16.0978 22.0615 94.5243 64.2075 48.4154 81.3863 12.7498 69.2766 84.3257 85.5050 83.1466 78.6088 55.5879 27.7656 44.6100 75.9331 61.5897 16.6569 99.3025 58.8963 26.3255 89.5832 63.0745 48.4353 16.2907 89.6676 56.6356
43.9271 60.5942 28.6531 33.4825 51.8669 42.8429 19.6235 36.4164 48.8998 94.4770 43.7287 34.2565 84.6878 90.2702 53.6553 61.0383 15.9163 52.3576 80.0589 53.9428 85.9072 38.4592 17.3060 53.2137 31.9399 53.6644 46.3299 89.6345 95.7781 24.9144 30.9591 18.9436 66.0132 22.1479 27.0216 28.6678 38.8270 11.2367 61.5426 32.1237 73.8814 71.5570 37.5178 23.8618 41.4588 99.7857 91.6022 66.5311 51.3909 85.2187 81.4931 53.8141 47.3432 82.5719 86.7918 61.2775 36.0070 36.4569
74.3813 66.9734 64.7233 68.0700 31.6150 87.4846 19.6621 30.1156 57.6803 56.2609 86.3223 90.0735 92.0355 60.5685 34.2678 10.3673 12.6254 70.3102 19.0436 19.2736 10.1332 98.4449 95.0961 96.9929 10.7031 63.3672 48.7954 56.0649 38.1744 92.9765 22.1168 67.5048 17.4725 14.7419 86.7174 22.1042 70.5070 28.0277 38.2149 80.1530 43.5189 24.5632 98.2180 84.4522 26.6738 83.2715 97.1518 46.0220 73.4523 99.0259 96.4514 50.2002 33.5307
14.7702 23.1376 82.5494 40.0353 89.0519 54.8017 96.4444 21.5017 90.4101 99.7617 12.6138 36.8880 37.7996 39.1750 83.1159 63.9233 69.4657 50.7830 75.1170 64.6411 49.3674 39.0232 22.5157 91.9703 16.6439 68.9253 44.1975 52.6735 27.6029 32.9492 61.9508 62.2422
87.3494 62.4753 26.3192 92.3626 94.4317 65.2883 17.9431 73.4571 71.3955 44.4855 26.6308 37.3736 27.0025 65.1845 74.7708 40.6794 86.3052 19.2095 12.2521 27.9865 96.4997 60.4510 90.9427 22.4912 41.8064 78.7080 80.2787 97.8803 76.0055 58.4323 43.3030 47.7117 83.3615 17.8301 47.8427 21.3200 36.5984 87.4326 21.5241 96.8614 88.2292 82.1134 54.8948 24.9354 12.5726 72.7956 39.2502 58.4385 15.5538 87.1079 78.2825 31.8937 45.2035 80.6296 82.7989 48.6712 84.0184 89.5903 39.3216 34.0666 39.3935 93.4315 97.0896
98.9944 23.6170 43.0960 60.0665 19.4897 96.2781 92.5532 70.5672 37.6922 68.1780 52.8557 56.0160 88.6925 27.9503 18.8799 13.1896 32.7954 22.2553 38.9755 84.7524 19.8333 97.2343 66.6696 48.1152 72.6404 63.6504 54.9767 47.7187 69.4854 43.1380 92.3771 47.3614 72.7747 85.4872 68.8068 29.5592 84.6758 84.9005 56.3959 42.1048 73.6166 33.0578 16.5266 85.5267 46.8014 60.8040 72.2194 52.8482 76.5083 12.5645 98.2869 69.8753 74.2143 17.9372 19.5454 62.4967 96.2194 66.0543 51.6703 52.4716 35.6362 37.4527 88.8518 45.0758 92.8861 48.2604 14.3908
32.9489 66.3311 67.9429 65.0991 32.8870 67.5005 81.0639 81.6741 66.4726 73.8474 47.5967 41.0313 22.9983 32.2822 92.7357 99.9152 79.0656 78.2941 22.4034 71.1782 84.3574 24.8590 81.3171 45.0691 16.9287 90.9844 13.9996 40.7424 36.4432 41.7075 30.3396
43.5954 93.8328 45.2928 92.8829 86.8361 33.5562 73.9660 79.7276 47.5126 31.2447 97.9018 94.2984 73.7910 22.3658 29.9807 75.2247 78.4011 91.0465 45.3587 77.4530 31.2108 68.6963 14.6477 62.2851 44.2253 79.8078 22.5183 45.1970 14.5810 85.5282 90.7518 50.7191 57.8601 51.4333 71.0136 70.3593 75.3456 82.7012 42.6251 91.7431 26.1177 15.7192 42.3169 30.5283 94.1863 86.7090 40.6618 77.8356 22.0641 72.6877 85.7194 89.9611 66.1002 94.5942 94.9513 68.8383 21.4559 25.2523 85.9499 13.6593 12.2151 39.9531 46.3532 19.1522 11.6561 36.8126 10.4105 98.4408 15.8455 24.4825 29.9217 21.0997 66.7665 40.7082 96.0955 12.0081 57.3430 25.4446 28.0199 33.4714 59.3192 44.0757 66.2224 97.7528 15.2620 54.9929 54.9319 61.6888 60.6084 23.3632 65.3397 31.4451 34.6688 25.1905 73.3498 52.5713 72.6237 67.0717 18.4307 29.8725
62.2660 86.7361 34.6965 56.2023 14.8882 16.0191 58.4052 81.7587 42.6729 81.2087 33.2937 41.3824 83.2603 21.7452 79.1604 97.8167 34.4264 63.1270 75.7506 52.8049 37.1531 78.1632 71.8070 36.6274 38.9633 63.5017 95.4187 70.0875 12.3956 88.0615 28.4231 81.8599 41.5095 64.2394 92.7186 69.2637 30.9202 86.9567 94.1818 84.3598 26.2186 13.4490 49.5775 38.2190 86.3659 43.4212 34.9243 83.4467 53.2351 64.9829 21.4350 54.6578 11.4677 41.6889 83.5063 20.4882 35.4974 97.6155 11.7221 83.2790 70.9549 85.7123 48.8016 50.4097 26.1689 18.8076 16.5368 97.2559 38.0312 45.2777 58.6281 54.9105 64.9041 81.1205 76.0072 65.1746 48.5091
26.9454 81.5524 90.6596 60.3722 62.2259 26.1394 52.5162 36.0495 61.0294 46.2858 75.0952 91.0061 93.6110 82.8099 59.7268 88.2235 46.5087 22.0315 87.8844 28.2884 62.0131 10.4591 18.7671 70.2391 33.8676 57.2953 34.4512 64.1576 57.3099 74.8553 33.6742 96.1180 83.2119 31.9077 60.2083
72.9430 24.6693 72.5518 86.9641 54.2256 52.4169 41.2093 98.3474 80.5844 29.1329 55.2686 87.7645 60.6269 13.0481 18.0435 94.0055 69.9903 63.7742 30.5901 23.1926 15.3488 67.6791 83.7629 73.1911 38.7393 83.3646 54.9297 55.3556 55.2330 24.4055 38.7777 83.3131 65.2477 77.8261 75.8798 47.7909 47.6270 92.0585 27.0294 15.7586 78.1443 84.7584 43.8570 64.6713
84.2396 40.1614 74.1343 49.6186 97.4049 79.2162 25.4787 51.4873 71.5911 92.6414 49.4727 51.0931 16.7267 74.9967 75.1401 24.6126 73.1578 11.5658 59.9332 17.7438 22.2360 55.9232 52.9185 49.7950 19.3392 69.6168 41.5656 72.5693 90.0567 84.5354 99.3696 37.1016 16.1865 84.0260 50.6309 82.7527 46.7958 94.6176 90.2228 70.2872 72.4257 42.9788 87.4141 22.2190 28.1841 92.4741 25.9741
70.1552 42.4968 94.3030 74.1836 38.7113 52.2166 26.7953 17.4615 26.7716 79.4210 14.9948 70.8628 97.2930 87.4107 80.9671 98.9009 49.7961 92.2044 14.0395 58.0296 51.3851 91.3680 62.6298 82.3483 60.8796 40.6484 21.5820 63.5504 48.8068 59.0868 51.5824 77.2679 13.1746 80.1848 84.5917 98.1819 71.8773 22.9832 56.4763 32.1444 91.6321 54.7625 78.5171 14.4210 13.1850 93.7205 78.7406 42.0785 63.1466 77.6528 92.7345 77.9544 94.9770 10.6581 16.2579 30.2902 56.2475 18.1918 35.9410 41.2034 33.9319 40.4605 25.4830 59.5767 93.1813 22.8128 22.8312 70.9231 58.0876 55.0463 13.6811 92.5987 25.0233 32.5274 71.7192 18.2809 18.2187 42.4587 19.4434 26.2975 93.7360 62.8553 97.2161 66.4246 43.4428 74.7258 88.4195 29.1434 96.6216 68.8650 40.1415 28.7132 89.1081 96.5621 80.6586 78.1431 31.4890 48.4960 10.5097
29.5257 63.2820 88.9953 31.4566 46.0654 53.1416 94.8918 33.6716 36.6383 76.2158 75.4400 91.0106 21.8286 49.1935 81.1023 51.2734 75.3615 93.3997 81.6071 49.3581 30.7144 27.9687 78.6564 44.1379 40.0063 35.8093 72.6561 77.5217 67.2364 63.2282 26.0170 67.5773 67.2701 70.1125 77.4027 69.0066 24.7389 14.6610 50.3097 83.3530 97.4172 20.8689 72.9975 59.4566 54.6901
65.8102 35.8125 42.0663 79.8651 41.3734 26.5137 94.6214 53.9336 49.8762 56.3503 68.9664 65.6995 31.4391 60.4969 46.9249 64.5427 23.1690 56.2109 60.8572 67.5113 42.5428 38.5315 32.1423 31.3738 83.1724 52.8618 24.0552 67.6906 65.3372 68.7663 59.2659 29.0911 70.9597 15.0043 61.3062 25.2405 73.5178 65.2142 79.1974 97.8920 54.9530
33.4786 14.2048 92.2737 75.7362 33.2189 87.7905 81.3479 91.4460 78.4304 85.7650 72.7586 64.2579 75.6398 15.6768 77.8677 64.0363 21.3624 83.8271 64.9775 20.8154 79.0898 55.6150 74.0679 24.9961 39.6369 93.0746 74.6965 54.4905 70.7055 36.8809 87.6404 10.6210 21.4046 21.5374 41.0656 90.6156 82.4016 98.7837 49.9356
97.3825 72.8130 48.9048 41.8662 80.5169 18.6020 37.0302 53.0277 51.0721 76.6810 91.1629 57.3183 92.8932 53.1418 96.2257 27.4528 38.1867 92.9185 76.9699 73.3376 39.3388 35.0409 16.2783 96.7005 66.7055 52.4071 48.3892 30.3648 64.1443 76.1705 62.7155 52.9501 83.7801 37.5619 24.7442 84.4755 49.3150 17.3976 96.9905 83.9819 30.9490
53.9918 47.8083 94.3595 96.9496 74.6278 24.4791 15.0546 28.4693 92.7083 22.9540 86.4886 79.3541 98.2234 23.2102 39.5567 47.8594 25.7423 16.9520 27.7189 20.7674 99.3701 61.9198 23.8970 49.0673 45.9341 34.2708 22.9512 44.1811 80.3781 99.5557 96.1172 17.9205 89.4383 44.3998 82.7951 25.5713 93.3054 71.4524 40.0809 29.6276 59.5487 65.7217 17.3555 49.9680 19.6517 92.1574 95.2759 21.9516 57.6211 25.0681 44.9819 43.1792 91.6283 38.2073 70.8662 97.7168 97.2836 67.0627 23.0898 29.0029 23.3521 35.2155 87.2791 29.8156 64.8832 61.7792 73.4044 47.2098 48.0898 47.7781 78.3712 78.1817 66.6734 17.6005 94.9018 26.7520 54.2976 27.1203 17.3576 61.9072 56.1509 16.1682 61.8323 77.5153 10.9095 84.1552 41.2349 81.9105 37.7058
10.7300 29.4927 39.1804 93.7868 90.0690 82.3378 79.8285 26.1919 15.6625 27.6286 22.6955 87.5067 96.1727 82.5590 30.0668 34.7510 54.0141 74.4596 30.4053 53.1282 41.1050 59.2657 18.3435 32.4836 54.4510 98.1439 57.5724 49.8947 90.6607 50.2147 18.4334 20.4219 84.3403 35.3512
43.5869 57.1760 76.5278 16.2019 88.7264 89.0335 63.0107 97.6503 87.1403 85.7650 92.7921 61.9788 47.9927 27.9828 57.2968 87.3813 15.6813 87.8229 59.6630 29.0760 78.7089 80.8737 27.0381 71.1310 98.9710 90.4458 74.1197 82.1339 32.4578 34.3093 93.5304 54.1794 23.8194 56.9548 96.0599 22.0149 80.0124 38.3209 42.8163 72.5503 93.9833 31.6297 15.9593 24.8590 60.0329 87.0361 49.2008 72.9407 99.7225 60.7437 57.2517 48.5226 69.6086 21.8257 52.0888 50.8882 95.9378 68.3398 35.4190 46.5487 89.2484 76.6334 42.2781 19.5077 68.5114 65.4174 97.0123 72.4847 81.8678 67.5673 90.5164 85.5708 84.4131 72.7359 71.0776 14.1001 26.9811 88.7343 97.3610 94.4225 67.6457 57.2144 63.3827 78.5147 25.0361 63.7647 36.5080 64.7902 84.5794 70.9185 85.3989 39.4425 24.9503 12.4912 75.0732 60.8589 93.0450 46.7695
54.6926 62.8161 61.4741 57.5959 31.2606 12.7671 85.1833 48.5599 88.9539 28.4036 32.1315 20.6701 97.3820 32.2000 52.4089 97.8986 27.4023 15.8242 51.0580 15.1544 91.1376 76.1581 96.1533 51.8749 30.8661 19.1454
61.0334 48.0602 32.7463 73.9061 11.6880 12.3399 63.9404 21.4597 66.3405 90.9546 49.1665 72.8171 95.5425 69.8273 80.5282 38.5180 69.6369 47.9738 90.1224 21.6000 80.9342 29.6350 57.5419 27.3267 70.2587 34.8267 52.5900 68.6703 53.8136 65.0650 35.6053 19.2848 88.7197 89.7057 22.4287 15.4928 42.8544 72.1014 57.8479 51.3311 66.0326 34.8358 45.4806 80.8102 34.7148 96.5351 92.7463 30.2009 19.1370 39.9204 44.0849 65.2043 23.6577 52.1995 18.2197 36.6294 47.0713 72.3629 16.5370 54.7707 33.1221 95.6061 22.1562 35.5697 19.3686 10.2666 47.7954 36.7591 99.2837 59.3706 14.9880 93.8240 96.9928 38.6959
