3 3 1 3
94.6286 61.5523 20.3520 18.3625 50.0766
41.5148 39.9174 14.0425 12.7796 90.3956 31.6283 67.8751 83.7008
94.8473 85.3099 34.5753 23.6202 89.8463 28.8784
18.5474 89.6531 19.6723 46.7522 78.3156
20.7768 95.9341 69.9407 27.0129 58.6114 26.6025 46.7686 10.3268
30.4044 47.1439 93.1469 55.9326 96.0601 70.7029 93.6310 31.3338 15.4976 57.9393
87.5300 71.8276 43.0333 59.9226 45.8716 52.8660 61.6223 74.5579 30.3823 35.5657
54.4909 62.7022 23.4100 94.7020 49.3995
11.1998 20.7264 87.8316 50.1660 11.1655 18.8314
53.1087 34.2581 77.8739 54.3144 23.1123 39.8919 22.5621 22.9259 92.0835
