8 10 5 9
71.3401 64.8057 55.3021 78.2815 25.0565 72.4402 59.8884 10.asd
47.1153 27.9962 64.4092 64.3009 50.6138 26.7474 72.5501 10.asd
18.7551 62.5585 41.5279 59.2841 42.4277 12.4086 48.3945 10.asd
82.1993 13.9399 20.3323 29.6191 73.3079 10.asd 90.8612
36.0291 49.6286 39.6486 40.2362 19.9040 10.asd
10.9065 63.1694 17.6696 48.4310 84.3919 38.0008 90.1151 44.5449 71.0515 10.asd 60.6532
68.3265 11.1402 45.8090 46.9087 23.5373 51.2053 59.4410 63.0760 10.asd
97.2126 61.0333 80.7643 49.7918 47.8376 33.5748 39.8606 10.asd 81.2936 28.6902 20.4652
14.3953 87.4741 46.6123 47.7955 48.9523 64.5940 56.2333 88.9602 10.asd
59.0473 56.4077 10.6156 37.1163 21.4040 10.asd 84.8780 72.6587 15.4733 11.5962
