10 5.5000 10 10
14.2199 80.3733 17.7765 51.6523 62.6765 39.9731
86.6824 87.9445 15.6001 79.8130 11.0913 29.3428 49.3441 44.4800 64.4753
39.9159 79.7401 69.5489 26.6355 31.5157 76.4706 96.6413 46.7208 37.1661 28.9351
98.1990 90.7656 23.0870 88.2444 97.4404 71.2228 24.1354 54.0117
37.0087 67.1457 51.7290 50.5826 74.5695
66.2421 10.6710 15.6940 54.5810 90.9012 54.3537
21.3307 87.4003 39.0645 13.8563 17.3724 80.4788 30.0230
38.7290 32.7144 90.3730 15.0262 17.6208 23.5700 94.3447 69.7001 60.2453 15.3095
49.6487 10.8153 80.3416 39.5358 37.6915 14.7352 67.6586
61.5656 21.4824 99.6213 24.2923 96.5665 93.7018 13.1805
