8 10 5 9
44.5224 97.0610 47.1165 43.6021 49.2848 38.9555 87.9090 56.7222 58.6996 82.1904 87.8033 59.7918 40.1895 77.5010 60.9373 80.7043 75.0031 37.6202 28.3177 32.3370 46.2012 42.2203 17.2164 54.1999 22.9761 42.0961 24.2103 64.9060 34.2741 30.2066 10.8446 71.5209 69.6539 71.6900 24.1496 79.5667 47.6017 24.5071 10.2006 38.4107 73.5685 55.1958 51.3532 72.5393 69.2170 68.0780 50.3870 39.1518 99.4742
20.0037 15.2027 30.9756 64.3817 41.3870 67.4860 10.0337 69.7657 48.1366 97.1518 21.9365 80.7469 39.8085
93.1687 15.9434 22.8361 52.6645 10.2349 30.2912 55.3709 86.5047 76.7548 67.2293 74.3933 59.1779 23.1732 43.8270 16.3765 18.0780 78.3699 17.2355 85.8033 40.1522 52.7556 78.8090 78.3996 74.6349 28.5922 21.2787 49.0142 14.2227 69.9068 13.8456 73.4384 99.5438 37.5268 40.6018 29.3701
38.9336 60.8403 16.8582 21.0758 80.9732 53.9543 61.5113 90.2436 36.8816 68.8428 62.9181 78.1305 42.5348 91.9029 92.1850 59.0555 16.9896 33.9576 46.9689 33.6743 65.3820 26.2529 44.6554 70.3650 49.4802 18.3013
69.9975 18.8755 59.5735 76.7098 85.1170 49.1174 74.3509 74.2352 12.2229 72.6749 77.1746 66.4607 72.5787 50.9609 39.1597 51.6436 27.4103 15.9427 61.9333 74.1567 64.8966 75.3783 63.3254 62.4223 60.1960 61.1181 14.6381 61.6314 45.9326 37.0863 53.0013 68.2586 61.3040 16.9192 71.4902 89.7976 74.1384 92.7946 10.2927 49.4146 29.8449 74.8460 17.6498 45.5722 66.2749 30.5084
11.7003 51.4661 59.6759 36.1040 51.7725 99.9736 79.5856 58.2095 68.4047 80.8532 69.5694 75.4634 73.8387 45.3852 12.3956 82.8267 10.1322 26.7532 47.0140 31.9009 21.0083 81.7943 75.2204 22.7116 33.8030 40.1429 99.7538 42.6882
95.6355 22.1940 63.3179 38.8439 21.0334 28.1529 64.1279 70.5327 78.9845 12.4659 56.0524 67.8742 21.8727 52.0146 73.3644 82.5254 34.6192 37.9302 40.6608 70.3648 81.6393
41.9328 18.6848 92.7077 15.3272 27.6565 10.8047 15.2537 24.0142 78.1528 68.3608 50.7910 13.1783 26.0915 81.2077 45.8422 21.7178 94.7935 42.7426 18.6948 90.1543 29.5799 99.3601 27.2998 77.6193 18.8765 50.9182 85.4102 64.8543 51.9646 73.3499 51.8247 23.6546 93.9297 73.0619 82.3345 85.0276 97.4256 28.9375 52.9751 85.8010 43.6720 63.9605 42.2661 71.2702 39.1122
70.8827 46.9154 50.4656 80.4268 53.4817 28.1834 81.5885 77.8243 55.9061 29.1385 75.7673 22.5374 63.6148 86.7339 16.3919 31.0464 41.4248 24.6513 48.5455 44.9451 77.5855 84.9170 95.7428 50.5325 18.2386 76.5441 13.7937 67.1021 70.8026 35.8359 16.9093 60.3077 96.4426 25.5396 83.9295 78.2909 81.3158 41.3621 26.7145 57.0357
35.9468 40.6808 70.8369 21.7165 95.0559 92.1249 41.6555 88.7192 19.0247 44.6415 10.3656 67.4996 41.9810 20.8155 12.8297 94.8601 77.7585 74.1073 17.0467 47.9241 82.3784 31.7913 15.3801 77.1987 36.2864 29.1047 75.1851 42.0684 61.9619 25.7239 84.1217 33.8296 93.4587 91.5344 30.9549 83.0118 28.8491 21.7699 86.4456 42.5468 57.9166 47.3378 71.5252 52.1004
11.9813 31.2730 94.2318 10.2297 44.5052 38.7889 58.8461 51.5846 79.9884 72.8606 85.1400 54.8239 36.1474 18.4731 80.7373 56.6173 98.2584 14.9449 25.9780 87.5588 67.1221 76.8186 59.6086 90.7567 13.2381 57.1553 36.2616 31.8852 26.3545 36.9357 43.4315
68.7535 43.7765 72.7075 43.0196 43.5241 48.9508 21.6107 50.5529 64.4617 31.5277 71.9616 85.4466 99.7901 91.4357 45.9348 87.1715 26.7004 81.4341 60.9762 58.9354 27.8222 57.3561 60.7384 92.7602 76.8895 49.1517 87.3642 94.0301 99.5646 10.8079 10.3005 43.4892 32.2682 76.9646 33.9128 75.9521 78.6338 87.4985 13.9350 26.2942 78.2926
37.5236 55.4915 96.3822 37.1557 83.9088 31.0229 15.4999 44.9590 63.4441 47.2842 84.3437 42.5716 55.5350 14.1970 18.1019 64.6773 71.2681 42.0986
69.1898 54.5259 84.7622 58.4052 93.6953 40.6359 31.6829 93.1602 98.7333 34.0414 20.4480 84.2323 25.7262 79.3631 60.4465 88.5025 88.7507 63.5943 38.4360 90.7920 63.0229 45.2808 72.7584 94.8216 59.2686 71.1259 92.0970 74.3929 55.5633 11.6894 65.4202
33.6966 18.7022 18.3600 98.7976 42.8122 63.9824 91.7211 31.1608 58.5484 37.4672 72.3891 25.6149 69.1024 98.0847 98.3375 41.8838 31.6570 77.3987 54.0035 58.8358 61.4395 87.6305 78.9124 23.0969 67.4422 73.5416 41.7504 46.5754 68.4294 45.6878 71.0135 32.2972 24.4537 28.1771 84.2767 70.2537 39.6975 18.1055 57.7414 13.0550 64.9409 11.5583 69.3765 32.1909 77.9226 53.5273 62.4537 56.8387
79.0351 97.0101 48.4387 44.1024 67.0401 14.6473 69.9233 87.3399 82.4270 72.4714 70.8657 91.5704 86.4139 33.3211 81.6683 20.2666 91.8202 86.2132 14.5126 97.7569 54.0117 13.4698 66.6127 61.6299 41.5902 14.8696 11.8564 17.5524
11.0555 88.9704 91.2231 88.7880 53.9336 70.3582 59.4662 97.6532 25.4138 10.2638
63.3931 64.2518 78.3840 27.4681 25.4800 21.8097 65.8369 69.1640 81.6998 22.9305 77.1732 84.8569 56.7602 50.1236 61.8437 81.5989 34.6268 14.8700 32.7338 42.5734 35.2710 24.0090 93.9348 97.4781 63.0880 99.6307 86.1611 75.0126 20.4270 59.0403 19.0266 77.3622 51.9449 70.4662 88.3800 43.7798 17.4388 69.0741 41.8104 31.6313 88.0514 82.1413 13.5812 97.7737 90.6528 15.4011 43.4420
44.5289 64.4363 32.1675 14.2845 62.9572 67.6386 95.3818 67.4045 88.6519 28.5412 10.4999 18.1797 67.2355 57.4675 73.0299
31.5636 38.4184 66.6129 95.8686 86.5731 89.6071 87.0493 12.3783 14.0165 20.0146 22.4156 98.0456 65.0387 53.3018 52.7106 39.5576 20.2595 26.5745 29.0006 52.1427 71.2262 88.1654 11.5549 15.8368 20.6247 45.2178 62.4082 81.0769 84.5893 92.6570 15.9804
