7 5 5 8
14.9561 66.3906 40.9935 51.2036 91.7057 12.5949 18.5290 25.2143 12.1029
52.8044 97.1757 68.9085 45.2218 89.5794 11.1797 86.4616
35.3150 61.2236 18.9044 71.5429 66.4151 69.0122 34.0930 64.1924
11.4748 66.7267 90.7298 21.5529 76.1634
56.2091 65.7583 14.1576 80.2700 40.8221
41.6094 10.6415 75.7988 89.3764 62.6566 53.5525 59.7129 70.5490
75.5602 85.1234 85.6529 42.5998 99.2076 95.0866 92.4639 51.6064 86.7731 16.7035
66.3680 35.3102 79.8044 96.0976 55.7004 33.9792
78.8753 31.4040 14.0973 90.5671 67.3567 93.9528 30.1854 24.1385
79.8094 46.1527 56.6731 56.2608 20.8345 31.0243 91.5311
91.6194 71.0896 34.5843 34.8916 33.9771 17.0404 70.3675
40.3471 93.2280 34.5951 36.0836 50.5777 50.4145 62.9779
98.5540 45.9364 14.6472 44.9157 72.2796 42.7334 94.3617 74.9295 27.8854 76.7184
69.4024 18.8181 59.1741 25.9008 54.6342 74.9090 93.1896 95.4915 45.1511 64.2843
22.8572 48.3939 79.8494 80.7906 82.6947 40.8037 15.4197 14.0760
29.1255 75.8214 79.7444 62.8110 39.5741 63.9459 55.6698 81.7097 88.2794 55.2647
96.3713 46.5855 61.3660 99.3506 35.0681 52.7391 23.4754 58.2830
81.9948 33.2099 84.7374 59.0263 94.9912 99.9908 99.9338
77.2774 62.7857 21.0467 93.2639 37.5897 37.0487 63.1465 24.2116 69.1873
64.3461 24.1198 75.0044 84.0522 13.5936 65.2745 10.2282 14.6632 89.3646
